mutation1	101	101	3.705	0.0366832	0.0366832
mutation2	101	101	17.879	0.17702	0.17702
mutation3	101	101	9.544	0.094495	0.094495
mutation4	101	0	0	0	0
mutation5	101	101	15.962	0.15804	0.15804
mutation6	101	101	2.763	0.0273564	0.0273564
mutation7	101	101	13.391	0.132584	0.132584
mutation8	101	101	-1.162	-0.0115049	-0.0115049
mutation9	101	101	-0.819	-0.00810891	-0.00810891
mutation10	101	101	28.491	0.282089	0.282089
mutation11	101	101	31.49	0.311782	0.311782
mutation12	101	101	7.988	0.0790891	0.0790891
mutation13	101	101	8.778	0.0869109	0.0869109
mutation14	101	101	6.705	0.0663861	0.0663861
mutation15	101	101	22.387	0.221653	0.221653
mutation16	101	101	-40.949	-0.405436	-0.405436
mutation17	101	101	20.1	0.19901	0.19901
mutation18	101	101	-6.701	-0.0663465	-0.0663465
mutation19	101	101	0.672	0.00665346	0.00665346
mutation20	101	101	25.29	0.250396	0.250396
mutation21	101	101	41.655	0.412426	0.412426
mutation22	101	101	5.057	0.0500693	0.0500693
mutation23	101	101	8.084	0.0800396	0.0800396
mutation24	101	101	-25.867	-0.256109	-0.256109
mutation25	101	101	2.866	0.0283762	0.0283762
mutation26	101	101	-8.017	-0.0793762	-0.0793762
mutation27	101	101	-8.382	-0.0829901	-0.0829901
mutation28	101	101	-8.313	-0.0823069	-0.0823069
mutation29	101	101	-29.09	-0.28802	-0.28802
mutation30	101	101	-0.362999	-0.00359405	-0.00359405
mutation31	101	101	-49.163	-0.486762	-0.486762
mutation32	101	101	2.361	0.0233762	0.0233762
mutation33	101	101	-2.796	-0.0276832	-0.0276832
mutation34	101	101	1.731	0.0171386	0.0171386
mutation35	101	101	21.99	0.217723	0.217723
mutation36	101	101	75.369	0.746228	0.746228
mutation37	101	101	15.084	0.149347	0.149347
mutation38	101	101	6.598	0.0653267	0.0653267
mutation39	101	101	-8.119	-0.0803861	-0.0803861
mutation40	101	101	7.917	0.0783861	0.0783861
mutation41	101	101	29.272	0.289822	0.289822
mutation42	101	101	-0.294	-0.00291089	-0.00291089
mutation43	101	101	7.9	0.0782178	0.0782178
mutation44	101	101	6.754	0.0668713	0.0668713
mutation45	101	101	-24.65	-0.244059	-0.244059
mutation46	101	101	9.106	0.0901584	0.0901584
mutation47	101	101	28.694	0.284099	0.284099
mutation48	101	101	17.878	0.17701	0.17701
mutation49	101	101	14.26	0.141188	0.141188
mutation50	101	101	8.731	0.0864455	0.0864455
mutation51	101	101	38.188	0.378099	0.378099
mutation52	101	101	5.785	0.0572772	0.0572772
mutation53	101	101	-38.584	-0.38202	-0.38202
mutation54	101	101	-19.649	-0.194545	-0.194545
mutation55	101	101	12.102	0.119822	0.119822
mutation56	101	101	9.915	0.0981683	0.0981683
mutation57	101	101	6.354	0.0629109	0.0629109
mutation58	101	101	29.976	0.296792	0.296792
mutation59	101	101	24.834	0.245881	0.245881
mutation60	101	101	10.031	0.0993168	0.0993168
mutation61	101	101	5.211	0.0515941	0.0515941
mutation62	101	101	-2.695	-0.0266832	-0.0266832
mutation63	101	101	4.05	0.040099	0.040099
mutation64	101	101	15.406	0.152535	0.152535
mutation65	101	101	6.278	0.0621584	0.0621584
mutation66	101	101	17.615	0.174406	0.174406
mutation67	101	101	-8.221	-0.081396	-0.081396
mutation68	101	101	9.77	0.0967327	0.0967327
mutation69	101	101	15.524	0.153703	0.153703
mutation70	101	101	1.429	0.0141485	0.0141485
mutation71	101	0	0	0	0
mutation72	101	101	8.549	0.0846436	0.0846436
mutation73	101	101	46.376	0.459168	0.459168
mutation74	101	101	18.811	0.186248	0.186248
mutation75	101	101	18.746	0.185604	0.185604
mutation76	101	101	5.51	0.0545545	0.0545545
mutation77	101	101	-1.152	-0.0114059	-0.0114059
mutation78	101	101	24.635	0.243911	0.243911
mutation79	101	101	7.531	0.0745644	0.0745644
mutation80	101	101	25.313	0.250624	0.250624
mutation81	101	101	-24.102	-0.238634	-0.238634
mutation82	101	101	5	0.049505	0.049505
mutation83	101	101	16.154	0.159941	0.159941
mutation84	101	101	1.636	0.016198	0.016198
mutation85	101	101	16.283	0.161218	0.161218
mutation86	101	101	23.057	0.228287	0.228287
mutation87	101	101	16.721	0.165554	0.165554
mutation88	101	101	21.308	0.21097	0.21097
mutation89	101	101	14.646	0.14501	0.14501
mutation90	101	101	16.44	0.162772	0.162772
mutation91	101	101	24.926	0.246792	0.246792
mutation92	101	101	7.316	0.0724356	0.0724356
mutation93	101	101	111.287	1.10185	1.10185
mutation94	101	101	10.064	0.0996436	0.0996436
mutation95	101	101	10.732	0.106257	0.106257
mutation96	101	101	-13.455	-0.133218	-0.133218
mutation97	101	101	42.776	0.423525	0.423525
mutation98	101	0	0	0	0
mutation99	101	101	-13.483	-0.133495	-0.133495
mutation100	101	101	45.426	0.449762	0.449762
mutation101	101	101	12.155	0.120347	0.120347
mutation102	101	101	101.693	1.00686	1.00686
mutation103	101	101	10.733	0.106267	0.106267
mutation104	101	101	5.175	0.0512376	0.0512376
mutation105	101	101	7.36	0.0728713	0.0728713
mutation106	101	101	18.423	0.182406	0.182406
mutation107	101	101	7.872	0.0779406	0.0779406
mutation108	101	101	19.054	0.188653	0.188653
mutation109	101	101	13.364	0.132317	0.132317
mutation110	101	101	12.933	0.12805	0.12805
mutation111	101	101	12.111	0.119911	0.119911
mutation112	101	101	18.628	0.184436	0.184436
mutation113	101	71	-1.285	-0.0127228	-0.0180986
mutation114	101	101	50.673	0.501713	0.501713
mutation115	101	101	11.758	0.116416	0.116416
mutation116	101	101	-3.684	-0.0364752	-0.0364752
mutation117	101	101	15.205	0.150545	0.150545
mutation118	101	101	18.179	0.17999	0.17999
mutation119	101	101	2.065	0.0204455	0.0204455
mutation120	101	101	39.938	0.395426	0.395426
mutation121	101	101	13.457	0.133238	0.133238
mutation122	101	101	-27.606	-0.273327	-0.273327
mutation123	101	101	-3.727	-0.036901	-0.036901
mutation124	101	101	4.302	0.0425941	0.0425941
mutation125	101	101	29.667	0.293733	0.293733
mutation126	101	101	17.005	0.168366	0.168366
mutation127	101	101	15.439	0.152861	0.152861
mutation128	101	101	30.672	0.303683	0.303683
mutation129	101	101	11.057	0.109475	0.109475
mutation130	101	101	3.863	0.0382475	0.0382475
mutation131	101	101	-10.111	-0.100109	-0.100109
mutation132	101	101	-23.072	-0.228436	-0.228436
mutation133	101	101	1.934	0.0191485	0.0191485
mutation134	101	101	12.929	0.12801	0.12801
mutation135	101	101	22.65	0.224257	0.224257
mutation136	101	101	18.931	0.187436	0.187436
mutation137	101	101	-15.935	-0.157772	-0.157772
mutation138	101	101	-2.922	-0.0289307	-0.0289307
mutation139	101	101	15.029	0.148802	0.148802
mutation140	101	101	-17.747	-0.175713	-0.175713
mutation141	101	101	-11.585	-0.114703	-0.114703
mutation142	101	101	7.828	0.077505	0.077505
mutation143	101	101	-21.588	-0.213743	-0.213743
mutation144	101	101	18.112	0.179327	0.179327
mutation145	101	101	3.489	0.0345446	0.0345446
mutation146	101	101	-32.273	-0.319535	-0.319535
mutation147	101	101	-12.761	-0.126347	-0.126347
mutation148	101	101	-5.059	-0.0500891	-0.0500891
mutation149	101	75	-3.878	-0.038396	-0.0517067
mutation150	101	101	-4.897	-0.0484852	-0.0484852
mutation151	101	101	15.045	0.14896	0.14896
mutation152	101	101	-15.117	-0.149673	-0.149673
mutation153	101	101	5.152	0.0510099	0.0510099
mutation154	101	101	26.792	0.265267	0.265267
mutation155	101	101	2.011	0.0199109	0.0199109
mutation156	101	101	11.646	0.115307	0.115307
mutation157	101	101	17.347	0.171752	0.171752
mutation158	101	101	13.382	0.132495	0.132495
mutation159	101	101	4.763	0.0471584	0.0471584
mutation160	101	101	4.061	0.0402079	0.0402079
mutation161	101	101	25.815	0.255594	0.255594
mutation162	101	101	9.425	0.0933168	0.0933168
mutation163	101	0	0	0	0
mutation164	101	101	15.864	0.157069	0.157069
mutation165	101	101	-7.882	-0.0780396	-0.0780396
mutation166	101	101	14.053	0.139139	0.139139
mutation167	101	101	-8.422	-0.0833861	-0.0833861
mutation168	101	101	4.505	0.044604	0.044604
mutation169	101	101	20.714	0.205089	0.205089
mutation170	101	101	-20.862	-0.206554	-0.206554
mutation171	101	101	17.367	0.17195	0.17195
mutation172	101	101	-8.352	-0.0826931	-0.0826931
mutation173	101	101	3.427	0.0339307	0.0339307
mutation174	101	101	16.002	0.158436	0.158436
mutation175	101	101	6.448	0.0638416	0.0638416
mutation176	101	101	-7.873	-0.0779505	-0.0779505
mutation177	101	101	5.49	0.0543564	0.0543564
mutation178	101	101	24.426	0.241842	0.241842
mutation179	101	101	13.116	0.129861	0.129861
mutation180	101	101	5.491	0.0543663	0.0543663
mutation181	101	101	6.385	0.0632178	0.0632178
mutation182	101	101	37.358	0.369881	0.369881
mutation183	101	101	-2.652	-0.0262574	-0.0262574
mutation184	101	101	-6.654	-0.0658812	-0.0658812
mutation185	101	101	0.925	0.00915842	0.00915842
mutation186	101	0	0	0	0
mutation187	101	101	20.34	0.201386	0.201386
mutation188	101	101	83.354	0.825287	0.825287
mutation189	101	101	4.797	0.047495	0.047495
mutation190	101	101	10.074	0.0997426	0.0997426
mutation191	101	101	-27.866	-0.275901	-0.275901
mutation192	101	101	-12.53	-0.124059	-0.124059
mutation193	101	101	25.796	0.255406	0.255406
mutation194	101	101	12.522	0.12398	0.12398
mutation195	101	0	0	0	0
mutation196	101	101	25.604	0.253505	0.253505
mutation197	101	101	-29.061	-0.287733	-0.287733
mutation198	101	101	12.468	0.123446	0.123446
mutation199	101	101	13.822	0.136851	0.136851
mutation200	101	101	19.509	0.193158	0.193158
mutation201	101	101	19.063	0.188743	0.188743
mutation202	101	101	10.961	0.108525	0.108525
mutation203	101	101	12.968	0.128396	0.128396
mutation204	101	101	7.263	0.0719109	0.0719109
mutation205	101	101	16.634	0.164693	0.164693
mutation206	101	101	1.972	0.0195247	0.0195247
mutation207	101	101	-41.559	-0.411475	-0.411475
mutation208	101	101	10.395	0.102921	0.102921
mutation209	101	101	0.179	0.00177228	0.00177228
mutation210	101	101	20.915	0.207079	0.207079
mutation211	101	101	1.526	0.0151089	0.0151089
mutation212	101	101	2.021	0.0200099	0.0200099
mutation213	101	101	4.307	0.0426436	0.0426436
mutation214	101	101	-32.435	-0.321139	-0.321139
mutation215	101	101	5.862	0.0580396	0.0580396
mutation216	101	101	48.809	0.483257	0.483257
