mutation1	101	101	20.496	0.202931	0.202931
mutation2	101	101	-1.135	-0.0112376	-0.0112376
mutation3	101	101	24.579	0.243356	0.243356
mutation4	101	101	5.904	0.0584554	0.0584554
mutation5	101	101	29.368	0.290772	0.290772
mutation6	101	101	121.436	1.20234	1.20234
mutation7	101	101	-4.003	-0.0396337	-0.0396337
mutation8	101	101	14.381	0.142386	0.142386
mutation9	101	101	9.467	0.0937327	0.0937327
mutation10	101	101	67.398	0.667307	0.667307
mutation11	101	101	30.69	0.303861	0.303861
mutation12	101	101	16.834	0.166673	0.166673
mutation13	101	101	8.165	0.0808416	0.0808416
mutation14	101	101	9.978	0.0987921	0.0987921
mutation15	101	101	4.236	0.0419406	0.0419406
mutation16	101	101	7.579	0.0750396	0.0750396
mutation17	101	101	1.846	0.0182772	0.0182772
mutation18	101	101	26.46	0.26198	0.26198
mutation19	101	101	2.351	0.0232772	0.0232772
mutation20	101	101	16.127	0.159673	0.159673
mutation21	101	101	1.933	0.0191386	0.0191386
mutation22	101	101	-5.09	-0.050396	-0.050396
mutation23	101	101	29.888	0.295921	0.295921
mutation24	101	101	-1.121	-0.011099	-0.011099
mutation25	101	101	18.776	0.185901	0.185901
mutation26	101	101	12.278	0.121564	0.121564
mutation27	101	101	36.826	0.364614	0.364614
mutation28	101	101	27.989	0.277119	0.277119
mutation29	101	101	-29.995	-0.29698	-0.29698
mutation30	101	101	2.707	0.026802	0.026802
mutation31	101	101	-2.512	-0.0248713	-0.0248713
mutation32	101	101	13.146	0.130158	0.130158
mutation33	101	101	11.358	0.112455	0.112455
mutation34	101	0	0	0	0
mutation35	101	101	-3.637	-0.0360099	-0.0360099
mutation36	101	101	-5.239	-0.0518713	-0.0518713
mutation37	101	101	16.478	0.163149	0.163149
mutation38	101	101	14.863	0.147158	0.147158
mutation39	101	101	12.345	0.122228	0.122228
mutation40	101	101	2.904	0.0287525	0.0287525
mutation41	101	101	18.129	0.179495	0.179495
mutation42	101	101	17.12	0.169505	0.169505
mutation43	101	101	16.426	0.162634	0.162634
mutation44	101	101	11.794	0.116772	0.116772
mutation45	101	101	21.348	0.211366	0.211366
mutation46	101	101	35.179	0.348307	0.348307
mutation47	101	101	-9.753	-0.0965644	-0.0965644
mutation48	101	101	11.209	0.11098	0.11098
mutation49	101	101	27.019	0.267515	0.267515
mutation50	101	101	-2.609	-0.0258317	-0.0258317
mutation51	101	101	17.298	0.171267	0.171267
mutation52	101	101	7.511	0.0743663	0.0743663
mutation53	101	101	11.865	0.117475	0.117475
mutation54	101	101	11.603	0.114881	0.114881
mutation55	101	101	23.176	0.229465	0.229465
mutation56	101	101	17.618	0.174436	0.174436
mutation57	101	101	13.388	0.132554	0.132554
mutation58	101	101	10.003	0.0990396	0.0990396
mutation59	101	101	12.509	0.123851	0.123851
mutation60	101	101	20.69	0.204851	0.204851
mutation61	101	101	10.311	0.102089	0.102089
mutation62	101	101	2.275	0.0225247	0.0225247
mutation63	101	101	-8.092	-0.0801188	-0.0801188
mutation64	101	101	-0.67	-0.00663366	-0.00663366
mutation65	101	101	7.611	0.0753564	0.0753564
mutation66	101	101	30.49	0.301881	0.301881
mutation67	101	101	61.128	0.605228	0.605228
mutation68	101	101	3.129	0.0309802	0.0309802
mutation69	101	101	-3.416	-0.0338218	-0.0338218
mutation70	101	101	7.173	0.0710198	0.0710198
mutation71	101	101	-3.973	-0.0393366	-0.0393366
mutation72	101	101	15.975	0.158168	0.158168
mutation73	101	101	36.496	0.361347	0.361347
mutation74	101	101	-20.935	-0.207277	-0.207277
mutation75	101	101	3.946	0.0390693	0.0390693
mutation76	101	0	0	0	0
mutation77	101	101	0.943001	0.00933664	0.00933664
mutation78	101	101	8.84	0.0875248	0.0875248
mutation79	101	101	27.914	0.276376	0.276376
mutation80	101	101	-0.0350003	-0.000346538	-0.000346538
mutation81	101	101	-56.973	-0.564089	-0.564089
mutation82	101	101	7.621	0.0754554	0.0754554
mutation83	101	101	10.3	0.10198	0.10198
mutation84	101	101	8.043	0.0796337	0.0796337
mutation85	101	101	20.916	0.207089	0.207089
mutation86	101	101	12.907	0.127792	0.127792
mutation87	101	101	21.116	0.209069	0.209069
mutation88	101	101	22.382	0.221604	0.221604
mutation89	101	101	43.511	0.430802	0.430802
mutation90	101	101	-12.738	-0.126119	-0.126119
mutation91	101	101	11.767	0.116505	0.116505
mutation92	101	101	21.623	0.214089	0.214089
mutation93	101	101	10.515	0.104109	0.104109
mutation94	101	101	41.22	0.408119	0.408119
mutation95	101	101	1.651	0.0163465	0.0163465
mutation96	101	101	11.447	0.113337	0.113337
mutation97	101	101	13.67	0.135347	0.135347
mutation98	101	101	10.78	0.106733	0.106733
mutation99	101	101	14.672	0.145267	0.145267
mutation100	101	101	-2.917	-0.0288812	-0.0288812
mutation101	101	101	12.572	0.124475	0.124475
mutation102	101	101	12.27	0.121485	0.121485
mutation103	101	101	7.179	0.0710792	0.0710792
mutation104	101	101	-24.809	-0.245634	-0.245634
mutation105	101	101	-9.129	-0.0903861	-0.0903861
mutation106	101	101	11.648	0.115327	0.115327
mutation107	101	101	-4.126	-0.0408515	-0.0408515
mutation108	101	101	19.625	0.194307	0.194307
mutation109	101	101	9.769	0.0967228	0.0967228
mutation110	101	101	1.479	0.0146436	0.0146436
mutation111	101	101	22.36	0.221386	0.221386
mutation112	101	101	17.52	0.173465	0.173465
mutation113	101	101	0.00800007	7.92086e-05	7.92086e-05
mutation114	101	101	14.016	0.138772	0.138772
mutation115	101	101	31.822	0.315069	0.315069
mutation116	101	101	-26.838	-0.265723	-0.265723
mutation117	101	101	47.974	0.47499	0.47499
mutation118	101	101	-25.219	-0.249693	-0.249693
mutation119	101	101	20.15	0.199505	0.199505
mutation120	101	101	33.313	0.329832	0.329832
mutation121	101	101	19.417	0.192248	0.192248
mutation122	101	101	26.548	0.262851	0.262851
mutation123	101	101	21.603	0.213891	0.213891
mutation124	101	101	29.83	0.295347	0.295347
mutation125	101	101	-8.561	-0.0847624	-0.0847624
mutation126	101	101	3.58	0.0354455	0.0354455
mutation127	101	101	9.063	0.0897327	0.0897327
mutation128	101	101	-36.641	-0.362782	-0.362782
mutation129	101	101	-3.55	-0.0351485	-0.0351485
mutation130	101	101	-22.374	-0.221525	-0.221525
mutation131	101	101	3.637	0.0360099	0.0360099
mutation132	101	101	-2.081	-0.020604	-0.020604
mutation133	101	101	-3.32	-0.0328713	-0.0328713
mutation134	101	101	-11.788	-0.116713	-0.116713
mutation135	101	101	-4.786	-0.0473861	-0.0473861
mutation136	101	101	12.781	0.126545	0.126545
mutation137	101	101	24.866	0.246198	0.246198
mutation138	101	101	5.798	0.0574059	0.0574059
mutation139	101	101	6.404	0.0634059	0.0634059
mutation140	101	101	-0.582	-0.00576237	-0.00576237
mutation141	101	101	25.135	0.248861	0.248861
mutation142	101	101	-5.039	-0.0498911	-0.0498911
mutation143	101	101	-5.508	-0.0545346	-0.0545346
mutation144	101	101	7.8	0.0772277	0.0772277
mutation145	101	101	20.351	0.201495	0.201495
mutation146	101	101	0.581	0.00575247	0.00575247
mutation147	101	101	15.369	0.152168	0.152168
mutation148	101	101	-8.753	-0.0866634	-0.0866634
mutation149	101	101	7.814	0.0773663	0.0773663
mutation150	101	101	10.107	0.100069	0.100069
mutation151	101	101	21.242	0.210317	0.210317
mutation152	101	0	0	0	0
mutation153	101	101	2.023	0.0200297	0.0200297
mutation154	101	101	13.902	0.137644	0.137644
mutation155	101	101	15.915	0.157574	0.157574
mutation156	101	101	72.794	0.720733	0.720733
mutation157	101	101	19.963	0.197653	0.197653
mutation158	101	101	-27.195	-0.269257	-0.269257
mutation159	101	101	-4.551	-0.0450594	-0.0450594
mutation160	101	101	-2.489	-0.0246436	-0.0246436
mutation161	101	101	18.946	0.187584	0.187584
mutation162	101	101	6.911	0.0684257	0.0684257
mutation163	101	101	20.273	0.200723	0.200723
mutation164	101	101	24.664	0.244198	0.244198
mutation165	101	101	-12.047	-0.119277	-0.119277
mutation166	101	101	15.257	0.151059	0.151059
mutation167	101	101	19.141	0.189515	0.189515
mutation168	101	101	32.148	0.318297	0.318297
mutation169	101	101	1.003	0.0099307	0.0099307
mutation170	101	101	8.267	0.0818515	0.0818515
mutation171	101	101	12.47	0.123465	0.123465
mutation172	101	101	-4.632	-0.0458614	-0.0458614
mutation173	101	101	19.217	0.190267	0.190267
mutation174	101	101	21.205	0.20995	0.20995
mutation175	101	101	31.918	0.31602	0.31602
mutation176	101	101	-2.628	-0.0260198	-0.0260198
mutation177	101	101	33.212	0.328832	0.328832
mutation178	101	101	20.855	0.206485	0.206485
mutation179	101	101	22.312	0.220911	0.220911
mutation180	101	101	1.868	0.018495	0.018495
mutation181	101	101	11.54	0.114257	0.114257
mutation182	101	101	10.664	0.105584	0.105584
mutation183	101	101	10.523	0.104188	0.104188
mutation184	101	101	24.638	0.243941	0.243941
mutation185	101	101	8.738	0.0865149	0.0865149
mutation186	101	101	10.07	0.099703	0.099703
mutation187	101	101	40.068	0.396713	0.396713
mutation188	101	101	15.595	0.154406	0.154406
mutation189	101	101	13.52	0.133861	0.133861
mutation190	101	101	-0.199	-0.00197029	-0.00197029
mutation191	101	101	26.783	0.265178	0.265178
mutation192	101	101	6.884	0.0681584	0.0681584
mutation193	101	101	94.389	0.934545	0.934545
mutation194	101	0	0	0	0
mutation195	101	101	-21.497	-0.212842	-0.212842
mutation196	101	101	18.585	0.18401	0.18401
mutation197	101	101	-24.955	-0.247079	-0.247079
mutation198	101	101	14.77	0.146238	0.146238
mutation199	101	101	6.902	0.0683366	0.0683366
mutation200	101	101	12.524	0.124	0.124
mutation201	101	101	70.09	0.69396	0.69396
mutation202	101	101	25.027	0.247792	0.247792
mutation203	101	101	-4.373	-0.043297	-0.043297
mutation204	101	101	46.889	0.464248	0.464248
mutation205	101	101	36.36	0.36	0.36
mutation206	101	101	66.486	0.658277	0.658277
mutation207	101	101	-2.433	-0.0240891	-0.0240891
mutation208	101	101	9.896	0.0979802	0.0979802
mutation209	101	0	0	0	0
mutation210	101	101	17.627	0.174525	0.174525
mutation211	101	0	0	0	0
mutation212	101	101	15.19	0.150396	0.150396
mutation213	101	101	-12.406	-0.122832	-0.122832
mutation214	101	101	-5.73	-0.0567327	-0.0567327
mutation215	101	0	0	0	0
mutation216	101	101	12.962	0.128337	0.128337
mutation217	101	101	-4.386	-0.0434257	-0.0434257
mutation218	101	101	1.836	0.0181782	0.0181782
mutation219	101	101	13.742	0.136059	0.136059
mutation220	101	101	24.819	0.245733	0.245733
mutation221	101	101	9.894	0.0979604	0.0979604
mutation222	101	101	21.473	0.212604	0.212604
mutation223	101	101	23.17	0.229406	0.229406
mutation224	101	101	10.113	0.100129	0.100129
mutation225	101	101	18.484	0.18301	0.18301
mutation226	101	101	36.285	0.359257	0.359257
mutation227	101	101	25.311	0.250604	0.250604
mutation228	101	101	-0.0629994	-0.000623757	-0.000623757
mutation229	101	101	14.507	0.143634	0.143634
mutation230	101	101	14.791	0.146446	0.146446
mutation231	101	101	82.434	0.816178	0.816178
mutation232	101	101	20.727	0.205218	0.205218
mutation233	101	101	21.881	0.216644	0.216644
mutation234	101	101	6.436	0.0637228	0.0637228
mutation235	101	101	-10.716	-0.106099	-0.106099
mutation236	101	101	22.695	0.224703	0.224703
mutation237	101	101	14.384	0.142416	0.142416
mutation238	101	0	0	0	0
mutation239	101	101	1.845	0.0182673	0.0182673
mutation240	101	101	-4.692	-0.0464554	-0.0464554
mutation241	101	101	12.175	0.120545	0.120545
mutation242	101	101	-3.765	-0.0372772	-0.0372772
mutation243	101	101	2.918	0.0288911	0.0288911
mutation244	101	101	32.924	0.32598	0.32598
mutation245	101	101	2.954	0.0292475	0.0292475
mutation246	101	101	16.635	0.164703	0.164703
mutation247	101	101	3.991	0.0395149	0.0395149
mutation248	101	101	20.737	0.205317	0.205317
mutation249	101	101	2.794	0.0276634	0.0276634
mutation250	101	101	11.322	0.112099	0.112099
mutation251	101	101	5.981	0.0592178	0.0592178
mutation252	101	101	4.403	0.0435941	0.0435941
mutation253	101	101	2.654	0.0262772	0.0262772
mutation254	101	101	-3.579	-0.0354356	-0.0354356
mutation255	101	101	20.321	0.201198	0.201198
mutation256	101	101	-4.232	-0.041901	-0.041901
mutation257	101	101	5.52	0.0546535	0.0546535
mutation258	101	101	25.016	0.247683	0.247683
mutation259	101	101	3.217	0.0318515	0.0318515
mutation260	101	101	-0.332	-0.00328713	-0.00328713
mutation261	101	101	4.917	0.0486832	0.0486832
mutation262	101	101	-4.343	-0.043	-0.043
mutation263	101	101	-6.472	-0.0640792	-0.0640792
mutation264	101	101	9.513	0.0941881	0.0941881
mutation265	101	101	-42.594	-0.421723	-0.421723
mutation266	101	101	28.457	0.281752	0.281752
mutation267	101	101	22.617	0.223931	0.223931
mutation268	101	101	12.495	0.123713	0.123713
mutation269	101	101	23.075	0.228465	0.228465
mutation270	101	101	27.503	0.272307	0.272307
mutation271	101	101	10.468	0.103644	0.103644
mutation272	101	101	32.46	0.321386	0.321386
mutation273	101	101	-5.511	-0.0545644	-0.0545644
mutation274	101	101	6.609	0.0654356	0.0654356
mutation275	101	101	25.33	0.250792	0.250792
mutation276	101	101	7.319	0.0724653	0.0724653
mutation277	101	101	30.917	0.306109	0.306109
mutation278	101	101	-12.802	-0.126752	-0.126752
mutation279	101	101	7.981	0.0790198	0.0790198
mutation280	101	101	35.131	0.347832	0.347832
mutation281	101	101	4.576	0.0453069	0.0453069
mutation282	101	0	0	0	0
mutation283	101	101	17.094	0.169248	0.169248
mutation284	101	101	6.648	0.0658218	0.0658218
mutation285	101	101	11.283	0.111713	0.111713
mutation286	101	101	28.367	0.280861	0.280861
mutation287	101	101	7.639	0.0756337	0.0756337
mutation288	101	101	23.454	0.232218	0.232218
mutation289	101	101	-11.46	-0.113465	-0.113465
mutation290	101	101	34.157	0.338188	0.338188
mutation291	101	101	11.322	0.112099	0.112099
mutation292	101	101	-33.67	-0.333366	-0.333366
mutation293	101	101	-15.167	-0.150168	-0.150168
mutation294	101	101	11.335	0.112228	0.112228
mutation295	101	101	43.588	0.431564	0.431564
mutation296	101	101	26.335	0.260743	0.260743
mutation297	101	101	24.609	0.243653	0.243653
mutation298	101	101	-10.815	-0.107079	-0.107079
mutation299	101	101	-14.708	-0.145624	-0.145624
mutation300	101	101	-5.845	-0.0578713	-0.0578713
mutation301	101	101	7.591	0.0751584	0.0751584
mutation302	101	101	17.503	0.173297	0.173297
mutation303	101	101	22.888	0.226614	0.226614
mutation304	101	101	3.001	0.0297129	0.0297129
mutation305	101	101	6.69	0.0662376	0.0662376
mutation306	101	101	-5.34	-0.0528713	-0.0528713
mutation307	101	0	0	0	0
mutation308	101	101	1.087	0.0107624	0.0107624
mutation309	101	101	14.267	0.141257	0.141257
mutation310	101	101	4.856	0.0480792	0.0480792
mutation311	101	101	16.778	0.166119	0.166119
mutation312	101	101	6.248	0.0618614	0.0618614
mutation313	101	101	-7.034	-0.0696436	-0.0696436
mutation314	101	101	14.01	0.138713	0.138713
mutation315	101	101	13.05	0.129208	0.129208
mutation316	101	0	0	0	0
mutation317	101	101	3.204	0.0317228	0.0317228
mutation318	101	101	25.883	0.256267	0.256267
mutation319	101	101	19.124	0.189347	0.189347
mutation320	101	101	24.303	0.240624	0.240624
mutation321	101	101	8.156	0.0807525	0.0807525
mutation322	101	101	6.717	0.066505	0.066505
mutation323	101	101	6.55	0.0648515	0.0648515
mutation324	101	101	-9.123	-0.0903267	-0.0903267
mutation325	101	101	2.155	0.0213366	0.0213366
mutation326	101	101	25.813	0.255574	0.255574
mutation327	101	0	0	0	0
mutation328	101	101	83.739	0.829099	0.829099
mutation329	101	101	-6.21	-0.0614851	-0.0614851
mutation330	101	101	7.561	0.0748614	0.0748614
mutation331	101	101	-16.175	-0.160149	-0.160149
mutation332	101	101	23.415	0.231832	0.231832
mutation333	101	101	12.845	0.127178	0.127178
mutation334	101	101	-10.049	-0.0994951	-0.0994951
mutation335	101	101	14.064	0.139248	0.139248
mutation336	101	101	-9.118	-0.0902772	-0.0902772
mutation337	101	101	21.234	0.210238	0.210238
mutation338	101	101	10.235	0.101337	0.101337
mutation339	101	101	24.628	0.243842	0.243842
mutation340	101	101	-0.614	-0.00607921	-0.00607921
mutation341	101	101	39.368	0.389782	0.389782
mutation342	101	101	9.12	0.090297	0.090297
mutation343	101	101	-7.915	-0.0783663	-0.0783663
mutation344	101	101	11.387	0.112743	0.112743
mutation345	101	101	1.231	0.0121881	0.0121881
mutation346	101	101	7.222	0.071505	0.071505
mutation347	101	101	24.908	0.246614	0.246614
mutation348	101	101	-9.717	-0.0962079	-0.0962079
mutation349	101	101	5.889	0.0583069	0.0583069
mutation350	101	101	6.278	0.0621584	0.0621584
mutation351	101	101	12.735	0.126089	0.126089
mutation352	101	0	0	0	0
mutation353	101	101	18.569	0.183851	0.183851
mutation354	101	101	12.663	0.125376	0.125376
mutation355	101	101	11.976	0.118574	0.118574
mutation356	101	101	-12.283	-0.121614	-0.121614
mutation357	101	101	2.182	0.021604	0.021604
mutation358	101	101	3.894	0.0385545	0.0385545
mutation359	101	101	14.711	0.145653	0.145653
mutation360	101	101	12.693	0.125673	0.125673
mutation361	101	101	7.138	0.0706733	0.0706733
mutation362	101	101	-2.31	-0.0228713	-0.0228713
mutation363	101	101	7.45	0.0737624	0.0737624
mutation364	101	101	39.549	0.391574	0.391574
mutation365	101	101	-0.852	-0.00843564	-0.00843564
mutation366	101	101	3.922	0.0388317	0.0388317
mutation367	101	101	-3.665	-0.0362871	-0.0362871
mutation368	101	101	-12.135	-0.120149	-0.120149
mutation369	101	101	13.596	0.134614	0.134614
mutation370	101	101	-10.448	-0.103446	-0.103446
mutation371	101	101	22.441	0.222188	0.222188
mutation372	101	101	7.286	0.0721386	0.0721386
mutation373	101	101	-2	-0.019802	-0.019802
mutation374	101	101	4.797	0.047495	0.047495
mutation375	101	101	5.033	0.0498317	0.0498317
mutation376	101	101	10.63	0.105248	0.105248
mutation377	101	101	2.152	0.0213069	0.0213069
mutation378	101	101	24.777	0.245317	0.245317
mutation379	101	101	17.509	0.173356	0.173356
mutation380	101	101	24.557	0.243139	0.243139
mutation381	101	101	5.837	0.0577921	0.0577921
mutation382	101	101	-10.473	-0.103693	-0.103693
mutation383	101	101	5.781	0.0572376	0.0572376
mutation384	101	101	18.025	0.178465	0.178465
mutation385	101	101	2.886	0.0285743	0.0285743
mutation386	101	101	-5.089	-0.0503861	-0.0503861
mutation387	101	101	-10.882	-0.107743	-0.107743
mutation388	101	101	7.895	0.0781683	0.0781683
mutation389	101	101	-3.684	-0.0364752	-0.0364752
mutation390	101	101	7.404	0.0733069	0.0733069
mutation391	101	101	15.797	0.156406	0.156406
mutation392	101	101	-13.372	-0.132396	-0.132396
mutation393	101	0	0	0	0
mutation394	101	101	-2.828	-0.028	-0.028
mutation395	101	101	-0.757	-0.00749505	-0.00749505
mutation396	101	101	7.361	0.0728812	0.0728812
mutation397	101	0	0	0	0
mutation398	101	101	13.931	0.137931	0.137931
mutation399	101	101	3.575	0.035396	0.035396
mutation400	101	101	12.194	0.120733	0.120733
mutation401	101	101	3.731	0.0369406	0.0369406
mutation402	101	101	10.55	0.104455	0.104455
mutation403	101	101	18.905	0.187178	0.187178
mutation404	101	101	-6.085	-0.0602475	-0.0602475
mutation405	101	101	-12.756	-0.126297	-0.126297
mutation406	101	101	36.809	0.364446	0.364446
mutation407	101	101	-13.017	-0.128881	-0.128881
mutation408	101	101	32.883	0.325574	0.325574
mutation409	101	101	6.135	0.0607426	0.0607426
mutation410	101	101	1.909	0.018901	0.018901
mutation411	101	101	15.104	0.149545	0.149545
mutation412	101	101	26.889	0.266228	0.266228
mutation413	101	101	21.815	0.21599	0.21599
mutation414	101	101	8.682	0.0859604	0.0859604
